22 serialization::archive 17 0 0 0 0 3 0 2 1 0
0 2 0 -1.38154969670535371e-03 -3.19182913703527872e-04 0 0 2 0 6 1 0
1 1.00000000000000000e+00 6
2 1.00000000000000000e+00 2
3 3 0 2.63269647444711562e-03 1.94131802785740978e-03 2.20525137911655551e-03 3 0 4 1 0
4
5 2.40611169372176997e-02 2 0 -4.60150006387646293e+00 -8.22428465305405476e-01 1.72075476829597784e+00 -3.70280283217739381e+00 4
6
7 3.29411106140788945e-02 2 0 -3.77997768529269429e+00 -8.30746586944057452e-01 1.23081526434763422e+00 -3.37953795219823094e+00 4
8
9 2.01144181686964754e-02 2 0 -3.97005178557555416e+00 -1.32039799020687054e+00 1.40419005314884004e+00 -3.88599893187667345e+00 2
10 1 0 -1.87915671048889399e-02 1 0 4
11
12 9.81208432895111060e-01 3 0 -3.79910782488455157e+00 -2.80140489165984086e+00 -3.18228399087053138e+00 4.20377306086931402e+00 3.95537669586559471e+00
